fence: [[22.782111428675176, 5.671, 23.521625929398823], [3.7459242270119977, 9.346853554580955, 1.0], [-0.0, -0.0, -0.0]] button: [[59.47910721301744, -29.753830409537287, 31.92259447394255], [1.0, 1.0, 1.0], [-0.0, -0.0, -0.0]]
fence: [[42.06016457633149, 4.369432520111192, 35.37412702001033], [12.603915230053293, 10.506478943669048, 1.0], [-0.0, -90.0, -0.0]] button: [[72.64378560361504, 1.9753524626802186, 35.85664601632711], [1.0, 1.0, 1.0], [-90.0, 90.0, -0.0]]
