fence: [[42.06016457633149, 4.369432520111192, 35.37412702001033], [12.603915230053293, 10.506478943669048, 1.0], -90.0]
fence: [[22.782111428675176, 2.6705160703507747, 23.521625929398823], [3.7459242270119977, 9.346853554580955, 1.0], -0.0]
