fence: [[22.782111428675176, 2.6705160703507747, 23.521625929398823], [3.7459242270119977, 9.346853554580955, 1.0], -0.0] trigger: [[22.79886237830686, 0.7870748708819528, 17.236542733110298], [5.772621933682308, 11.512555841948245, 8.143042892356894], -0.0]
fence: [[42.06016457633149, 4.369432520111192, 35.37412702001033], [12.603915230053293, 10.506478943669048, 1.0], -90.0] trigger: [[44.69123095951406, 4.200322255923297, 35.413180531724834], [2.8218909124470506, 8.9552433505255, 15.172583725634018], -0.0]