p: [[42.06, 4.369, 35.374], [42.06, 9.478392355003814, 35.374]] rs: [[-0.0, -90.0, -0.0], [12.603915230053293, 10.506478943669048, 1.0]] b: [[44.51138454963201, 1.0632541290821258, 44.34462774328618], [89.99999999999969, -227.5903669791805, -0.0], [1.0, 1.0, 1.0]]
p: [[22.771099971519693, 2.660137533807938, 23.417868249507492], [22.771099971519693, 5.645326251773726, 23.417868249507492]] rs: [[-0.0, -0.0, -0.0], [6.584916866006247, 9.043065081685345, 1.0]] b: [[17.024539851168935, -0.8075698003506967, 24.847777040499757], [90.00000000000001, 21.600164838104224, -0.0], [1.0, 1.0, 1.0]]
p: [[22.771099971519693, 4.229880177939016, 60.105661235318166], [22.771099971519693, 8.545475741050083, 60.105661235318166]] rs: [[-0.0, -0.0, -0.0], [12.534220639096997, 10.591024168190007, 1.0]] b: [[72.8856274831657, 1.978486584619324, 36.76056753977755], [90.00000000000038, -68.39200025617951, 8.636841740811112e-15], [1.0, 1.0, 1.0]]