p: [[42.06, 4.369, 35.374], [42.06, 9.478392355003814, 35.374]] rs: [[-0.0, -90.0, -0.0], [12.603915230053293, 10.506478943669048, 1.0]] b: [[72.9076492160984, 1.9753524626802186, 34.87024984482806], [90.0, -111.90848473274815, -0.0], [0.9999999999999997, 0.9999999999999998, 1.0]]
p: [[22.771099971519693, 5.676242167006967, 23.417868249507492], [22.771099971519693, 2.6762421670069667, 23.417868249507492]] rs: [[-0.0, -0.0, -0.0], [6.584916866006247, 9.043065081685345, 1.0]] b: [[59.562684376750326, -29.664227317666835, 32.048033260074035], [-0.0, -0.0, -0.0], [1.0, 1.0, 1.0]]
p: [[22.771099971519693, 4.229880177939016, 60.105661235318166], [22.771099971519693, 8.545475741050083, 60.105661235318166]] rs: [[-0.0, -0.0, -0.0], [12.534220639096997, 10.591024168190007, 1.0]] b: [[72.8856274831657, 1.978486584619324, 36.76056753977755], [90.00000000000038, -68.39200025617951, 8.636841740811112e-15], [1.0, 1.0, 1.0]]