portal: [[108.76377933874979, -0.12127620170295472, 35.135027525566024], -180.0] dst: [[59.45999102160032, -28.632329673502262, 34.672662167773666], -180.0]
portal: [[59.47209080364747, -29.748009237501073, 36.50370406033079], -180.0] dst: [[106.36220040567841, 1.474513434064395, 35.18922308837623], -90.00000000000003]