portal: [[108.68707907189695, -0.17022174972313842, 35.2370477703658], 89.99999999999997] dst: [[59.45999102160032, -28.632329673502262, 34.672662167773666], -0.0]
portal: [[59.413090133689806, -29.76550718638576, 36.44297804858411], -0.0] dst: [[106.36220040567841, 1.474513434064395, 35.18922308837623], 89.99999999999997]
