position: [108.76377933874979, -0.12127620170295472, 35.135027525566024] dst: [59.45999102160032, -28.632329673502262, 34.672662167773666]
position: [59.47209080364747, -29.748009237501073, 36.50370406033079] dst: [106.36220040567841, 1.474513434064395, 35.18922308837623]